-START-OF-DATA-
1750	0
1751	0.003
1752	0.003
1753	0.003
1754	0.003
1755	0.003
1756	0.003
1757	0.003
1758	0.003
1759	0.003
1760	0.003
1761	0.003
1762	0.003
1763	0.003
1764	0.003
1765	0.003
1766	0.003
1767	0.003
1768	0.003
1769	0.003
1770	0.003
1771	0.004
1772	0.004
1773	0.004
1774	0.004
1775	0.004
1776	0.004
1777	0.004
1778	0.004
1779	0.004
1780	0.004
1781	0.005
1782	0.005
1783	0.005
1784	0.005
1785	0.005
1786	0.005
1787	0.005
1788	0.005
1789	0.005
1790	0.005
1791	0.006
1792	0.006
1793	0.006
1794	0.006
1795	0.006
1796	0.006
1797	0.007
1798	0.007
1799	0.007
1800	0.008
1801	0.008
1802	0.01
1803	0.009
1804	0.009
1805	0.009
1806	0.01
1807	0.01
1808	0.01
1809	0.01
1810	0.01
1811	0.011
1812	0.011
1813	0.011
1814	0.011
1815	0.012
1816	0.013
1817	0.014
1818	0.014
1819	0.014
1820	0.014
1821	0.014
1822	0.015
1823	0.016
1824	0.016
1825	0.017
1826	0.017
1827	0.018
1828	0.018
1829	0.018
1830	0.024
1831	0.023
1832	0.023
1833	0.024
1834	0.024
1835	0.025
1836	0.029
1837	0.029
1838	0.03
1839	0.031
1840	0.033
1841	0.034
1842	0.036
1843	0.037
1844	0.039
1845	0.043
1846	0.043
1847	0.046
1848	0.047
1849	0.05
1850	0.054
1851	0.054
1852	0.057
1853	0.059
1854	0.069
1855	0.071
1856	0.076
1857	0.077
1858	0.078
1859	0.083
1860	0.091
1861	0.095
1862	0.097
1863	0.104
1864	0.112
1865	0.119
1866	0.122
1867	0.13
1868	0.135
1869	0.142
1870	0.147
1871	0.156
1872	0.173
1873	0.184
1874	0.174
1875	0.188
1876	0.191
1877	0.194
1878	0.196
1879	0.21
1880	0.236
1881	0.243
1882	0.256
1883	0.272
1884	0.275
1885	0.277
1886	0.281
1887	0.295
1888	0.327
1889	0.327
1890	0.356
1891	0.372
1892	0.374
1893	0.37
1894	0.383
1895	0.406
1896	0.419
1897	0.44
1898	0.465
1899	0.507
1990	7.558
1991	7.603
1992	7.648
1993	7.694
1994	7.740
1995	7.787
1996	7.832
1997	7.878
1998	7.923
1999	7.970
2000	8.016
2001	8.209
2002	8.407
2003	8.610
2004	8.818
2005	9.031
2006	9.173
2007	9.318
2008	9.465
2009	9.614
2010	9.765
2011	10.008
2012	10.257
2013	10.481
2014	10.710
2015	10.581
2016	10.661
2017	10.741
2018	10.822
2019	10.904
2020	10.986
2021	11.060
2022	11.135
2023	11.210
2024	11.285
2025	11.362
2026	11.438
2027	11.516
2028	11.593
2029	11.672
2030	11.750
2031	11.771
2032	11.792
2033	11.813
2034	11.834
2035	11.855
2036	11.876
2037	11.897
2038	11.918
2039	11.939
2040	11.960
2041	11.939
2042	11.917
2043	11.896
2044	11.874
2045	11.853
2046	11.832
2047	11.810
2048	11.789
2049	11.768
2050	11.747
2051	11.655
2052	11.564
2053	11.474
2054	11.385
2055	11.297
2056	11.209
2057	11.122
2058	11.035
2059	10.949
2060	10.864
2061	10.722
2062	10.581
2063	10.443
2064	10.306
2065	10.171
2066	10.038
2067	9.907
2068	9.777
2069	9.649
2070	9.523
2071	9.267
2072	9.018
2073	8.776
2074	8.541
2075	8.311
2076	8.088
2077	7.871
2078	7.659
2079	7.454
2080	7.254
2081	6.902
2082	6.567
2083	6.249
2084	5.945
2085	5.657
2086	5.383
2087	5.122
2088	4.873
2089	4.637
2090	4.412
2091	4.187
2092	3.974
2093	3.772
2094	3.580
2095	3.398
2096	3.225
2097	3.061
2098	2.905
2099	2.757
2100	2.617
2101	2.455     
2102	2.280
2103	2.105
2104	1.930
2105	1.754
2106	1.579
2107	1.404
2108	1.229
2109	1.054
2110	0.879
2111	0.704
2112	0.529
2113	0.354
2114	0.179
2115	0.003
2116	0.000
2117	0.000
2118	0.000
2119	0.000
2120	0.000
2121	0.000
2122	0.000
2123	0.000
2124	0.000
2125	0.000
2126	0.000
2127	0.000
2128	0.000
2129	0.000
2130	0.000
2131	0.000
2132	0.000
2133	0.000
2134	0.000
2135	0.000
2136	0.000
2137	0.000
2138	0.000
2139	0.000
2140	0.000
2141	0.000
2142	0.000
2143	0.000
2144	0.000
2145	0.000
2146	0.000
2147	0.000
2148	0.000
2149	0.000
2150	0.000
2151	0.000
2152	0.000
2153	0.000
2154	0.000
2155	0.000
2156	0.000
2157	0.000
2158	0.000
2159	0.000
2160	0.000
2161	0.000
2162	0.000
2163	0.000
2164	0.000
2165	0.000
2166	0.000
2167	0.000
2168	0.000
2169	0.000
2170	0.000
2171	0.000
2172	0.000
2173	0.000
2174	0.000
2175	0.000
2176	0.000
2177	0.000
2178	0.000
2179	0.000
2180	0.000
2181	0.000
2182	0.000
2183	0.000
2184	0.000
2185	0.000
2186	0.000
2187	0.000
2188	0.000
2189	0.000
2190	0.000
2191	0.000
2192	0.000
2193	0.000
2194	0.000
2195	0.000
2196	0.000
2197	0.000
2198	0.000
2199	0.000
2200	0.000
2201	0.000
2202	0.000
2203	0.000
2204	0.000
2205	0.000
2206	0.000
2207	0.000
2208	0.000
2209	0.000
2210	0.000
2211	0.000
2212	0.000
2213	0.000
2214	0.000
2215	0.000
2216	0.000
2217	0.000
2218	0.000
2219	0.000
2220	0.000
2221	0.000
2222	0.000
2223	0.000
2224	0.000
2225	0.000
2226	0.000
2227	0.000
2228	0.000
2229	0.000
2230	0.000
2231	0.000
2232	0.000
2233	0.000
2234	0.000
2235	0.000
2236	0.000
2237	0.000
2238	0.000
2239	0.000
2240	0.000
2241	0.000
2242	0.000
2243	0.000
2244	0.000
2245	0.000
2246	0.000
2247	0.000
2248	0.000
2249	0.000
2250	0.000
2251	0.000
2252	0.000
2253	0.000
2254	0.000
2255	0.000
2256	0.000
2257	0.000
2258	0.000
2259	0.000
2260	0.000
2261	0.000
2262	0.000
2263	0.000
2264	0.000
2265	0.000
2266	0.000
2267	0.000
2268	0.000
2269	0.000
2270	0.000
2271	0.000
2272	0.000
2273	0.000
2274	0.000
2275	0.000
2276	0.000
2277	0.000
2278	0.000
2279	0.000
2280	0.000
2281	0.000
2282	0.000
2283	0.000
2284	0.000
2285	0.000
2286	0.000
2287	0.000
2288	0.000
2289	0.000
2290	0.000
2291	0.000
2292	0.000
2293	0.000
2294	0.000
2295	0.000
2296	0.000
2297	0.000
2298	0.000
2299	0.000
2300	0.000
2301	0.000
2302	0.000
2303	0.000
2304	0.000
2305	0.000
2306	0.000
2307	0.000
2308	0.000
2309	0.000
2310	0.000
2311	0.000
2312	0.000
2313	0.000
2314	0.000
2315	0.000
2316	0.000
2317	0.000
2318	0.000
2319	0.000
2320	0.000
2321	0.000
2322	0.000
2323	0.000
2324	0.000
2325	0.000
2326	0.000
2327	0.000
2328	0.000
2329	0.000
2330	0.000
2331	0.000
2332	0.000
2333	0.000
2334	0.000
2335	0.000
2336	0.000
2337	0.000
2338	0.000
2339	0.000
2340	0.000
2341	0.000
2342	0.000
2343	0.000
2344	0.000
2345	0.000
2346	0.000
2347	0.000
2348	0.000
2349	0.000
2350	0.000
2351	0.000
2352	0.000
2353	0.000
2354	0.000
2355	0.000
2356	0.000
2357	0.000
2358	0.000
2359	0.000
2360	0.000
2361	0.000
2362	0.000
2363	0.000
2364	0.000
2365	0.000
2366	0.000
2367	0.000
2368	0.000
2369	0.000
2370	0.000
2371	0.000
2372	0.000
2373	0.000
2374	0.000
2375	0.000
2376	0.000
2377	0.000
2378	0.000
2379	0.000
2380	0.000
2381	0.000
2382	0.000
2383	0.000
2384	0.000
2385	0.000
2386	0.000
2387	0.000
2388	0.000
2389	0.000
2390	0.000
2391	0.000
2392	0.000
2393	0.000
2394	0.000
2395	0.000
2396	0.000
2397	0.000
2398	0.000
2399	0.000
2400	0.000
2401	0.000
2402	0.000
2403	0.000
2404	0.000
2405	0.000
2406	0.000
2407	0.000
2408	0.000
2409	0.000
2410	0.000
2411	0.000
2412	0.000
2413	0.000
2414	0.000
2415	0.000
2416	0.000
2417	0.000
2418	0.000
2419	0.000
2420	0.000
2421	0.000
2422	0.000
2423	0.000
2424	0.000
2425	0.000
2426	0.000
2427	0.000
2428	0.000
2429	0.000
2430	0.000
2431	0.000
2432	0.000
2433	0.000
2434	0.000
2435	0.000
2436	0.000
2437	0.000
2438	0.000
2439	0.000
2440	0.000
2441	0.000
2442	0.000
2443	0.000
2444	0.000
2445	0.000
2446	0.000
2447	0.000
2448	0.000
2449	0.000
2450	0.000
2451	0.000
2452	0.000
2453	0.000
2454	0.000
2455	0.000
2456	0.000
2457	0.000
2458	0.000
2459	0.000
2460	0.000
2461	0.000
2462	0.000
2463	0.000
2464	0.000
2465	0.000
2466	0.000
2467	0.000
2468	0.000
2469	0.000
2470	0.000
2471	0.000
2472	0.000
2473	0.000
2474	0.000
2475	0.000
2476	0.000
2477	0.000
2478	0.000
2479	0.000
2480	0.000
2481	0.000
2482	0.000
2483	0.000
2484	0.000
2485	0.000
2486	0.000
2487	0.000
2488	0.000
2489	0.000
2490	0.000
2491	0.000
2492	0.000
2493	0.000
2494	0.000
2495	0.000
2496	0.000
2497	0.000
2498	0.000
2499	0.000
2500	0.000
2501	0.000
2502	0.000
2503	0.000
2504	0.000
2505	0.000
2506	0.000
2507	0.000
2508	0.000
2509	0.000
2510	0.000
2511	0.000
2512	0.000
2513	0.000
2514	0.000
2515	0.000
2516	0.000
2517	0.000
2518	0.000
2519	0.000
2520	0.000
2521	0.000
2522	0.000
2523	0.000
2524	0.000
2525	0.000
2526	0.000
2527	0.000
2528	0.000
2529	0.000
2530	0.000
2531	0.000
2532	0.000
2533	0.000
2534	0.000
2535	0.000
2536	0.000
2537	0.000
2538	0.000
2539	0.000
2540	0.000
2541	0.000
2542	0.000
2543	0.000
2544	0.000
2545	0.000
2546	0.000
2547	0.000
2548	0.000
2549	0.000
2550	0.000
2551	0.000
2552	0.000
2553	0.000
2554	0.000
2555	0.000
2556	0.000
2557	0.000
2558	0.000
2559	0.000
2560	0.000
2561	0.000
2562	0.000
2563	0.000
2564	0.000
2565	0.000
2566	0.000
2567	0.000
2568	0.000
2569	0.000
2570	0.000
2571	0.000
2572	0.000
2573	0.000
2574	0.000
2575	0.000
2576	0.000
2577	0.000
2578	0.000
2579	0.000
2580	0.000
2581	0.000
2582	0.000
2583	0.000
2584	0.000
2585	0.000
2586	0.000
2587	0.000
2588	0.000
2589	0.000
2590	0.000
2591	0.000
2592	0.000
2593	0.000
2594	0.000
2595	0.000
2596	0.000
2597	0.000
2598	0.000
2599	0.000
2600	0.000
2601	0.000
2602	0.000
2603	0.000
2604	0.000
2605	0.000
2606	0.000
2607	0.000
2608	0.000
2609	0.000
2610	0.000
2611	0.000
2612	0.000
2613	0.000
2614	0.000
2615	0.000
2616	0.000
2617	0.000
2618	0.000
2619	0.000
2620	0.000
2621	0.000
2622	0.000
2623	0.000
2624	0.000
2625	0.000
2626	0.000
2627	0.000
2628	0.000
2629	0.000
2630	0.000
2631	0.000
2632	0.000
2633	0.000
2634	0.000
2635	0.000
2636	0.000
2637	0.000
2638	0.000
2639	0.000
2640	0.000
2641	0.000
2642	0.000
2643	0.000
2644	0.000
2645	0.000
2646	0.000
2647	0.000
2648	0.000
2649	0.000
2650	0.000
2651	0.000
2652	0.000
2653	0.000
2654	0.000
2655	0.000
2656	0.000
2657	0.000
2658	0.000
2659	0.000
2660	0.000
2661	0.000
2662	0.000
2663	0.000
2664	0.000
2665	0.000
2666	0.000
2667	0.000
2668	0.000
2669	0.000
2670	0.000
2671	0.000
2672	0.000
2673	0.000
2674	0.000
2675	0.000
2676	0.000
2677	0.000
2678	0.000
2679	0.000
2680	0.000
2681	0.000
2682	0.000
2683	0.000
2684	0.000
2685	0.000
2686	0.000
2687	0.000
2688	0.000
2689	0.000
2690	0.000
2691	0.000
2692	0.000
2693	0.000
2694	0.000
2695	0.000
2696	0.000
2697	0.000
2698	0.000
2699	0.000
2700	0.000
2701	0.000
2702	0.000
2703	0.000
2704	0.000
2705	0.000
2706	0.000
2707	0.000
2708	0.000
2709	0.000
2710	0.000
2711	0.000
2712	0.000
2713	0.000
2714	0.000
2715	0.000
2716	0.000
2717	0.000
2718	0.000
2719	0.000
2720	0.000
2721	0.000
2722	0.000
2723	0.000
2724	0.000
2725	0.000
2726	0.000
2727	0.000
2728	0.000
2729	0.000
2730	0.000
2731	0.000
2732	0.000
2733	0.000
2734	0.000
2735	0.000
2736	0.000
2737	0.000
2738	0.000
2739	0.000
2740	0.000
2741	0.000
2742	0.000
2743	0.000
2744	0.000
2745	0.000
2746	0.000
2747	0.000
2748	0.000
2749	0.000
2750	0.000
2751	0.000
2752	0.000
2753	0.000
2754	0.000
2755	0.000
2756	0.000
2757	0.000
2758	0.000
2759	0.000
2760	0.000
2761	0.000
2762	0.000
2763	0.000
2764	0.000
2765	0.000
2766	0.000
2767	0.000
2768	0.000
2769	0.000
2770	0.000
2771	0.000
2772	0.000
2773	0.000
2774	0.000
2775	0.000
2776	0.000
2777	0.000
2778	0.000
2779	0.000
2780	0.000
2781	0.000
2782	0.000
2783	0.000
2784	0.000
2785	0.000
2786	0.000
2787	0.000
2788	0.000
2789	0.000
2790	0.000
2791	0.000
2792	0.000
2793	0.000
2794	0.000
2795	0.000
2796	0.000
2797	0.000
2798	0.000
2799	0.000
2800	0.000
2801	0.000
2802	0.000
2803	0.000
2804	0.000
2805	0.000
2806	0.000
2807	0.000
2808	0.000
2809	0.000
2810	0.000
2811	0.000
2812	0.000
2813	0.000
2814	0.000
2815	0.000
2816	0.000
2817	0.000
2818	0.000
2819	0.000
2820	0.000
2821	0.000
2822	0.000
2823	0.000
2824	0.000
2825	0.000
2826	0.000
2827	0.000
2828	0.000
2829	0.000
2830	0.000
2831	0.000
2832	0.000
2833	0.000
2834	0.000
2835	0.000
2836	0.000
2837	0.000
2838	0.000
2839	0.000
2840	0.000
2841	0.000
2842	0.000
2843	0.000
2844	0.000
2845	0.000
2846	0.000
2847	0.000
2848	0.000
2849	0.000
2850	0.000
2851	0.000
2852	0.000
2853	0.000
2854	0.000
2855	0.000
2856	0.000
2857	0.000
2858	0.000
2859	0.000
2860	0.000
2861	0.000
2862	0.000
2863	0.000
2864	0.000
2865	0.000
2866	0.000
2867	0.000
2868	0.000
2869	0.000
2870	0.000
2871	0.000
2872	0.000
2873	0.000
2874	0.000
2875	0.000
2876	0.000
2877	0.000
2878	0.000
2879	0.000
2880	0.000
2881	0.000
2882	0.000
2883	0.000
2884	0.000
2885	0.000
2886	0.000
2887	0.000
2888	0.000
2889	0.000
2890	0.000
2891	0.000
2892	0.000
2893	0.000
2894	0.000
2895	0.000
2896	0.000
2897	0.000
2898	0.000
2899	0.000
2900	0.000
2901	0.000
2902	0.000
2903	0.000
2904	0.000
2905	0.000
2906	0.000
2907	0.000
2908	0.000
2909	0.000
2910	0.000
2911	0.000
2912	0.000
2913	0.000
2914	0.000
2915	0.000
2916	0.000
2917	0.000
2918	0.000
2919	0.000
2920	0.000
2921	0.000
2922	0.000
2923	0.000
2924	0.000
2925	0.000
2926	0.000
2927	0.000
2928	0.000
2929	0.000
2930	0.000
2931	0.000
2932	0.000
2933	0.000
2934	0.000
2935	0.000
2936	0.000
2937	0.000
2938	0.000
2939	0.000
2940	0.000
2941	0.000
2942	0.000
2943	0.000
2944	0.000
2945	0.000
2946	0.000
2947	0.000
2948	0.000
2949	0.000
2950	0.000
2951	0.000
2952	0.000
2953	0.000
2954	0.000
2955	0.000
2956	0.000
2957	0.000
2958	0.000
2959	0.000
2960	0.000
2961	0.000
2962	0.000
2963	0.000
2964	0.000
2965	0.000
2966	0.000
2967	0.000
2968	0.000
2969	0.000
2970	0.000
2971	0.000
2972	0.000
2973	0.000
2974	0.000
2975	0.000
2976	0.000
2977	0.000
2978	0.000
2979	0.000
2980	0.000
2981	0.000
2982	0.000
2983	0.000
2984	0.000
2985	0.000
2986	0.000
2987	0.000
2988	0.000
2989	0.000
2990	0.000
2991	0.000
2992	0.000
2993	0.000
2994	0.000
2995	0.000
2996	0.000
2997	0.000
2998	0.000
2999	0.000
3000	0.000
3001	0.000
3002	0.000
3003	0.000
3004	0.000
3005	0.000
3006	0.000
3007	0.000
3008	0.000
3009	0.000
3010	0.000
3011	0.000
3012	0.000
3013	0.000
3014	0.000
3015	0.000
3016	0.000
3017	0.000
3018	0.000
3019	0.000
3020	0.000
3021	0.000
3022	0.000
3023	0.000
3024	0.000
3025	0.000
3026	0.000
3027	0.000
3028	0.000
3029	0.000
3030	0.000
3031	0.000
3032	0.000
3033	0.000
3034	0.000
3035	0.000
3036	0.000
3037	0.000
3038	0.000
3039	0.000
3040	0.000
3041	0.000
3042	0.000
3043	0.000
3044	0.000
3045	0.000
3046	0.000
3047	0.000
3048	0.000
3049	0.000
3050	0.000
3051	0.000
3052	0.000
3053	0.000
3054	0.000
3055	0.000
3056	0.000
3057	0.000
3058	0.000
3059	0.000
3060	0.000
3061	0.000
3062	0.000
3063	0.000
3064	0.000
3065	0.000
3066	0.000
3067	0.000
3068	0.000
3069	0.000
3070	0.000
3071	0.000
3072	0.000
3073	0.000
3074	0.000
3075	0.000
3076	0.000
3077	0.000
3078	0.000
3079	0.000
3080	0.000
3081	0.000
3082	0.000
3083	0.000
3084	0.000
3085	0.000
3086	0.000
3087	0.000
3088	0.000
3089	0.000
3090	0.000
3091	0.000
3092	0.000
3093	0.000
3094	0.000
3095	0.000
3096	0.000
3097	0.000
3098	0.000
3099	0.000
3100	0.000
3101	0.000
3102	0.000
3103	0.000
3104	0.000
3105	0.000
3106	0.000
3107	0.000
3108	0.000
3109	0.000
3110	0.000
3111	0.000
3112	0.000
3113	0.000
3114	0.000
3115	0.000
3116	0.000
3117	0.000
3118	0.000
3119	0.000
3120	0.000
3121	0.000
3122	0.000
3123	0.000
3124	0.000
3125	0.000
3126	0.000
3127	0.000
3128	0.000
3129	0.000
3130	0.000
3131	0.000
3132	0.000
3133	0.000
3134	0.000
3135	0.000
3136	0.000
3137	0.000
3138	0.000
3139	0.000
3140	0.000
3141	0.000
3142	0.000
3143	0.000
3144	0.000
3145	0.000
3146	0.000
3147	0.000
3148	0.000
3149	0.000
3150	0.000
3151	0.000
3152	0.000
3153	0.000
3154	0.000
3155	0.000
3156	0.000
3157	0.000
3158	0.000
3159	0.000
3160	0.000
3161	0.000
3162	0.000
3163	0.000
3164	0.000
3165	0.000
3166	0.000
3167	0.000
3168	0.000
3169	0.000
3170	0.000
3171	0.000
3172	0.000
3173	0.000
3174	0.000
3175	0.000
3176	0.000
3177	0.000
3178	0.000
3179	0.000
3180	0.000
3181	0.000
3182	0.000
3183	0.000
3184	0.000
3185	0.000
3186	0.000
3187	0.000
3188	0.000
3189	0.000
3190	0.000
3191	0.000
3192	0.000
3193	0.000
3194	0.000
3195	0.000
3196	0.000
3197	0.000
3198	0.000
3199	0.000
3200	0.000
3201	0.000
3202	0.000
3203	0.000
3204	0.000
3205	0.000
3206	0.000
3207	0.000
3208	0.000
3209	0.000
3210	0.000
3211	0.000
3212	0.000
3213	0.000
3214	0.000
3215	0.000
3216	0.000
3217	0.000
3218	0.000
3219	0.000
3220	0.000
3221	0.000
3222	0.000
3223	0.000
3224	0.000
3225	0.000
3226	0.000
3227	0.000
3228	0.000
3229	0.000
3230	0.000
3231	0.000
3232	0.000
3233	0.000
3234	0.000
3235	0.000
3236	0.000
3237	0.000
3238	0.000
3239	0.000
3240	0.000
3241	0.000
3242	0.000
3243	0.000
3244	0.000
3245	0.000
3246	0.000
3247	0.000
3248	0.000
3249	0.000
3250	0.000
3251	0.000
3252	0.000
3253	0.000
3254	0.000
3255	0.000
3256	0.000
3257	0.000
3258	0.000
3259	0.000
3260	0.000
3261	0.000
3262	0.000
3263	0.000
3264	0.000
3265	0.000
3266	0.000
3267	0.000
3268	0.000
3269	0.000
3270	0.000
3271	0.000
3272	0.000
3273	0.000
3274	0.000
3275	0.000
3276	0.000
3277	0.000
3278	0.000
3279	0.000
3280	0.000
3281	0.000
3282	0.000
3283	0.000
3284	0.000
3285	0.000
3286	0.000
3287	0.000
3288	0.000
3289	0.000
3290	0.000
3291	0.000
3292	0.000
3293	0.000
3294	0.000
3295	0.000
3296	0.000
3297	0.000
3298	0.000
3299	0.000
3300	0.000
3301	0.000
3302	0.000
3303	0.000
3304	0.000
3305	0.000
3306	0.000
3307	0.000
3308	0.000
3309	0.000
3310	0.000
3311	0.000
3312	0.000
3313	0.000
3314	0.000
3315	0.000
3316	0.000
3317	0.000
3318	0.000
3319	0.000
3320	0.000
3321	0.000
3322	0.000
3323	0.000
3324	0.000
3325	0.000
3326	0.000
3327	0.000
3328	0.000
3329	0.000
3330	0.000
3331	0.000
3332	0.000
3333	0.000
3334	0.000
3335	0.000
3336	0.000
3337	0.000
3338	0.000
3339	0.000
3340	0.000
3341	0.000
3342	0.000
3343	0.000
3344	0.000
3345	0.000
3346	0.000
3347	0.000
3348	0.000
3349	0.000
3350	0.000
3351	0.000
3352	0.000
3353	0.000
3354	0.000
3355	0.000
3356	0.000
3357	0.000
3358	0.000
3359	0.000
3360	0.000
3361	0.000
3362	0.000
3363	0.000
3364	0.000
3365	0.000
3366	0.000
3367	0.000
3368	0.000
3369	0.000
3370	0.000
3371	0.000
3372	0.000
3373	0.000
3374	0.000
3375	0.000
3376	0.000
3377	0.000
3378	0.000
3379	0.000
3380	0.000
3381	0.000
3382	0.000
3383	0.000
3384	0.000
3385	0.000
3386	0.000
3387	0.000
3388	0.000
3389	0.000
3390	0.000
3391	0.000
3392	0.000
3393	0.000
3394	0.000
3395	0.000
3396	0.000
3397	0.000
3398	0.000
3399	0.000
3400	0.000
3401	0.000
3402	0.000
3403	0.000
3404	0.000
3405	0.000
3406	0.000
3407	0.000
3408	0.000
3409	0.000
3410	0.000
3411	0.000
3412	0.000
3413	0.000
3414	0.000
3415	0.000
3416	0.000
3417	0.000
3418	0.000
3419	0.000
3420	0.000
3421	0.000
3422	0.000
3423	0.000
3424	0.000
3425	0.000
3426	0.000
3427	0.000
3428	0.000
3429	0.000
3430	0.000
3431	0.000
3432	0.000
3433	0.000
3434	0.000
3435	0.000
3436	0.000
3437	0.000
3438	0.000
3439	0.000
3440	0.000
3441	0.000
3442	0.000
3443	0.000
3444	0.000
3445	0.000
3446	0.000
3447	0.000
3448	0.000
3449	0.000
3450	0.000
3451	0.000
3452	0.000
3453	0.000
3454	0.000
3455	0.000
3456	0.000
3457	0.000
3458	0.000
3459	0.000
3460	0.000
3461	0.000
3462	0.000
3463	0.000
3464	0.000
3465	0.000
3466	0.000
3467	0.000
3468	0.000
3469	0.000
3470	0.000
3471	0.000
3472	0.000
3473	0.000
3474	0.000
3475	0.000
3476	0.000
3477	0.000
3478	0.000
3479	0.000
3480	0.000
3481	0.000
3482	0.000
3483	0.000
3484	0.000
3485	0.000
3486	0.000
3487	0.000
3488	0.000
3489	0.000
3490	0.000
3491	0.000
3492	0.000
3493	0.000
3494	0.000
3495	0.000
3496	0.000
3497	0.000
3498	0.000
3499	0.000
3500	0.000
-END-OF-DATA-


