-START-OF-DATA-
1765.5
1900.5
1970.5
1990.5
1994.5
2000.5
2005.5
2015.5
2025.5
2035.5
2045.5
2055.5
2065.5
2075.5
2085.5
2095.5
2100.5
2105.5
2110.5
2115.5
2125.5
2135.5
2145.5
2155.5
2165.5
2175.5
2185.5
2195.5
2200.5
2205.5
2215.5
2225.5
2235.5
2245.5
2255.5
2265.5
2275.5
2285.5
2295.5
2300.5
2350.5
2400.5
2450.5
2500.5
2550.5
2600.5
2650.5
2700.5
2750.5
2850.5
2900.5
2950.5
3000.5
4000.5
4999.5
5999.5
6999.5
7999.5
8999.5
9999.5
10999.5
11999.5
12999.5
13999.5
14999.5
15999.5
16999.5
17999.5
18999.5
19999.5
24999.5
29999.5
34999.5
39999.5
44999.5
49999.5
999999.5
1999999.5
4999999.5
9999999.5
19999999.5
49999999.5
99999999.5
-END-OF-DATA-
